{
    "name": "Academioe 5v5",
    "description": "",
    "creator": "Academia",
    "version": "",
    "planets": [
        {
            "name": "Academioe",
            "mass": 10000,
            "position_x": 3300,
            "position_y": -18900,
            "velocity_x": 159.02757263183594,
            "velocity_y": 27.766725540161133,
            "required_thrust_to_move": 0,
            "starting_planet": true,
            "respawn": false,
            "start_destroyed": false,
            "min_spawn_delay": 0,
            "max_spawn_delay": 0,
            "planet": {
                "seed": 663580544,
                "radius": 675,
                "heightRange": 0,
                "waterHeight": 0,
                "waterDepth": 0,
                "temperature": 0,
                "metalDensity": 0,
                "metalClusters": 0,
                "metalSpotLimit": -1,
                "biomeScale": 50,
                "biome": "icey",
                "symmetryType": "terrain and CSG",
                "symmetricalMetal": true,
                "symmetricalStarts": false,
                "numArmies": 2,
                "landingZonesPerArmy": 0,
                "landingZoneSize": 110,
                "heightAdjustments": []
            },
            "planetCSG": [
                {
                    "proj": "BP_Bend",
                    "spec": "/pa/terrain/ice/brushes/ice_crack_01.json",
                    "height": 677.38916015625,
                    "op": "BO_Subtract",
                    "position": [
                        621.077880859375,
                        -54.45062255859375,
                        264.864990234375
                    ],
                    "transform": [
                        0.39565372467041016,
                        0.05298374593257904,
                        0.9168701767921448,
                        621.0779418945312,
                        0.05298374593257904,
                        0.9953548312187195,
                        -0.08038308471441269,
                        -54.45063018798828,
                        -0.9168701767921448,
                        0.08038308471441269,
                        0.39100855588912964,
                        264.8649597167969
                    ],
                    "scale": [
                        1,
                        1,
                        1
                    ],
                    "rotation": 0,
                    "weight": [
                        0,
                        0,
                        0,
                        0
                    ],
                    "weightHard": false,
                    "weightScale": [
                        1,
                        1,
                        1
                    ],
                    "mirrored": false,
                    "twinId": 1,
                    "pathable": false,
                    "flooded": false,
                    "mergeable": false,
                    "no_features": true
                },
                {
                    "proj": "BP_Bend",
                    "spec": "/pa/terrain/ice/brushes/ice_crack_01.json",
                    "height": 677.38916015625,
                    "op": "BO_Subtract",
                    "position": [
                        621.077880859375,
                        -54.45062255859375,
                        264.864990234375
                    ],
                    "transform": [
                        0.39565372467041016,
                        0.05298374593257904,
                        0.9168701767921448,
                        621.0780029296875,
                        0.05298374593257904,
                        0.9953548312187195,
                        -0.08038308471441269,
                        -54.45063018798828,
                        0.9168701767921448,
                        -0.08038308471441269,
                        -0.39100855588912964,
                        -264.8649597167969
                    ],
                    "scale": [
                        1,
                        1,
                        1
                    ],
                    "rotation": 0,
                    "weight": [
                        0,
                        0,
                        0,
                        0
                    ],
                    "weightHard": false,
                    "weightScale": [
                        1,
                        1,
                        1
                    ],
                    "mirrored": true,
                    "twinId": 1,
                    "pathable": false,
                    "flooded": false,
                    "mergeable": false,
                    "no_features": true
                },
                {
                    "proj": "BP_Bend",
                    "spec": "/pa/terrain/ice/brushes/ice_crack_01.json",
                    "height": 674.7992553710938,
                    "op": "BO_Subtract",
                    "position": [
                        293.293212890625,
                        -374.18603515625,
                        478.87152099609375
                    ],
                    "transform": [
                        0.8895037770271301,
                        0.1409720629453659,
                        0.4346376955509186,
                        293.2931823730469,
                        0.1409720629453659,
                        0.8201466202735901,
                        -0.5545145273208618,
                        -374.1860046386719,
                        -0.4346376955509186,
                        0.5545145273208618,
                        0.7096503973007202,
                        478.8715515136719
                    ],
                    "scale": [
                        1,
                        1,
                        1
                    ],
                    "rotation": 0,
                    "weight": [
                        0,
                        0,
                        0,
                        0
                    ],
                    "weightHard": false,
                    "weightScale": [
                        1,
                        1,
                        1
                    ],
                    "mirrored": false,
                    "twinId": 2,
                    "pathable": false,
                    "flooded": false,
                    "mergeable": false,
                    "no_features": true
                },
                {
                    "proj": "BP_Bend",
                    "spec": "/pa/terrain/ice/brushes/ice_crack_01.json",
                    "height": 674.7992553710938,
                    "op": "BO_Subtract",
                    "position": [
                        293.293212890625,
                        -374.18603515625,
                        478.87152099609375
                    ],
                    "transform": [
                        0.8895037770271301,
                        0.1409720629453659,
                        0.4346376955509186,
                        293.2931823730469,
                        0.1409720629453659,
                        0.8201466202735901,
                        -0.5545145273208618,
                        -374.18603515625,
                        0.4346376955509186,
                        -0.5545145273208618,
                        -0.7096503973007202,
                        -478.8715515136719
                    ],
                    "scale": [
                        1,
                        1,
                        1
                    ],
                    "rotation": 0,
                    "weight": [
                        0,
                        0,
                        0,
                        0
                    ],
                    "weightHard": false,
                    "weightScale": [
                        1,
                        1,
                        1
                    ],
                    "mirrored": true,
                    "twinId": 2,
                    "pathable": false,
                    "flooded": false,
                    "mergeable": false,
                    "no_features": true
                },
                {
                    "proj": "BP_Bend",
                    "spec": "/pa/terrain/ice/brushes/ice_crack_01.json",
                    "height": 674.2367553710938,
                    "op": "BO_Subtract",
                    "position": [
                        -196.407958984375,
                        -601.446533203125,
                        232.983154296875
                    ],
                    "transform": [
                        -0.5909959673881531,
                        0.7522404789924622,
                        -0.2913041114807129,
                        -196.40794372558594,
                        -0.11622698605060577,
                        -0.4367550313472748,
                        -0.8920404314994812,
                        -601.4464721679688,
                        -0.7982574701309204,
                        -0.4933348596096039,
                        0.34555113315582275,
                        232.9832763671875
                    ],
                    "scale": [
                        1,
                        1,
                        1
                    ],
                    "rotation": -2.4399983882904053,
                    "weight": [
                        0,
                        0,
                        0,
                        0
                    ],
                    "weightHard": false,
                    "weightScale": [
                        1,
                        1,
                        1
                    ],
                    "mirrored": false,
                    "twinId": 3,
                    "pathable": false,
                    "flooded": false,
                    "mergeable": false,
                    "no_features": true
                },
                {
                    "proj": "BP_Bend",
                    "spec": "/pa/terrain/ice/brushes/ice_crack_01.json",
                    "height": 674.2367553710938,
                    "op": "BO_Subtract",
                    "position": [
                        -196.407958984375,
                        -601.446533203125,
                        232.983154296875
                    ],
                    "transform": [
                        -0.5909959673881531,
                        0.7522404789924622,
                        -0.2913041114807129,
                        -196.40794372558594,
                        -0.11622698605060577,
                        -0.4367550313472748,
                        -0.8920404314994812,
                        -601.4464721679688,
                        0.7982574701309204,
                        0.4933348596096039,
                        -0.34555113315582275,
                        -232.9832763671875
                    ],
                    "scale": [
                        1,
                        1,
                        1
                    ],
                    "rotation": -2.4399983882904053,
                    "weight": [
                        0,
                        0,
                        0,
                        0
                    ],
                    "weightHard": false,
                    "weightScale": [
                        1,
                        1,
                        1
                    ],
                    "mirrored": true,
                    "twinId": 3,
                    "pathable": false,
                    "flooded": false,
                    "mergeable": false,
                    "no_features": true
                },
                {
                    "proj": "BP_Bend",
                    "spec": "/pa/terrain/ice/brushes/ice_crack_01.json",
                    "height": 676.0404663085938,
                    "op": "BO_Subtract",
                    "position": [
                        -543.677734375,
                        343.33746337890625,
                        208.7213897705078
                    ],
                    "transform": [
                        0.5058212876319885,
                        0.3120783567428589,
                        -0.8042088747024536,
                        -543.677734375,
                        0.3120783567428589,
                        0.8029196858406067,
                        0.5078652501106262,
                        343.33746337890625,
                        0.8042088747024536,
                        -0.5078652501106262,
                        0.3087409734725952,
                        208.7213897705078
                    ],
                    "scale": [
                        1,
                        1,
                        1
                    ],
                    "rotation": 0,
                    "weight": [
                        0,
                        0,
                        0,
                        0
                    ],
                    "weightHard": false,
                    "weightScale": [
                        1,
                        1,
                        1
                    ],
                    "mirrored": false,
                    "twinId": 4,
                    "pathable": false,
                    "flooded": false,
                    "mergeable": false,
                    "no_features": true
                },
                {
                    "proj": "BP_Bend",
                    "spec": "/pa/terrain/ice/brushes/ice_crack_01.json",
                    "height": 676.0404663085938,
                    "op": "BO_Subtract",
                    "position": [
                        -543.677734375,
                        343.33746337890625,
                        208.7213897705078
                    ],
                    "transform": [
                        0.5058212876319885,
                        0.3120783567428589,
                        -0.8042088747024536,
                        -543.677734375,
                        0.3120783567428589,
                        0.8029196858406067,
                        0.5078652501106262,
                        343.33746337890625,
                        -0.8042088747024536,
                        0.5078652501106262,
                        -0.3087409734725952,
                        -208.7213897705078
                    ],
                    "scale": [
                        1,
                        1,
                        1
                    ],
                    "rotation": 0,
                    "weight": [
                        0,
                        0,
                        0,
                        0
                    ],
                    "weightHard": false,
                    "weightScale": [
                        1,
                        1,
                        1
                    ],
                    "mirrored": true,
                    "twinId": 4,
                    "pathable": false,
                    "flooded": false,
                    "mergeable": false,
                    "no_features": true
                },
                {
                    "proj": "BP_Bend",
                    "spec": "/pa/terrain/ice/brushes/ice_crack_01.json",
                    "height": 673.8170166015625,
                    "op": "BO_Subtract",
                    "position": [
                        -13.93212890625,
                        559.4144287109375,
                        375.354248046875
                    ],
                    "transform": [
                        0.9997254610061646,
                        0.0110245980322361,
                        -0.020676428452134132,
                        -13.93212890625,
                        0.0110245980322361,
                        0.5573312044143677,
                        0.8302170634269714,
                        559.4143676757812,
                        0.020676428452134132,
                        -0.8302170634269714,
                        0.5570566654205322,
                        375.354248046875
                    ],
                    "scale": [
                        1,
                        1,
                        1
                    ],
                    "rotation": 0,
                    "weight": [
                        0,
                        0,
                        0,
                        0
                    ],
                    "weightHard": false,
                    "weightScale": [
                        1,
                        1,
                        1
                    ],
                    "mirrored": false,
                    "twinId": 5,
                    "pathable": false,
                    "flooded": false,
                    "mergeable": false,
                    "no_features": true
                },
                {
                    "proj": "BP_Bend",
                    "spec": "/pa/terrain/ice/brushes/ice_crack_01.json",
                    "height": 673.8170166015625,
                    "op": "BO_Subtract",
                    "position": [
                        -13.93212890625,
                        559.4144287109375,
                        375.354248046875
                    ],
                    "transform": [
                        0.9997254610061646,
                        0.0110245980322361,
                        -0.020676428452134132,
                        -13.93212890625,
                        0.0110245980322361,
                        0.5573312044143677,
                        0.8302170634269714,
                        559.4143676757812,
                        -0.020676428452134132,
                        0.8302170634269714,
                        -0.5570566654205322,
                        -375.354248046875
                    ],
                    "scale": [
                        1,
                        1,
                        1
                    ],
                    "rotation": 0,
                    "weight": [
                        0,
                        0,
                        0,
                        0
                    ],
                    "weightHard": false,
                    "weightScale": [
                        1,
                        1,
                        1
                    ],
                    "mirrored": true,
                    "twinId": 5,
                    "pathable": false,
                    "flooded": false,
                    "mergeable": false,
                    "no_features": true
                },
                {
                    "proj": "BP_Bend",
                    "spec": "/pa/terrain/ice/brushes/ice_crack_02.json",
                    "height": 676.0422973632812,
                    "op": "BO_Subtract",
                    "position": [
                        431.376953125,
                        464.90478515625,
                        234.11669921875
                    ],
                    "transform": [
                        0.6975714564323425,
                        -0.32593414187431335,
                        0.6380916833877563,
                        431.376953125,
                        -0.32593414187431335,
                        0.648733377456665,
                        0.6876859664916992,
                        464.9048156738281,
                        -0.6380916833877563,
                        -0.6876859664916992,
                        0.3463047742843628,
                        234.11666870117188
                    ],
                    "scale": [
                        1,
                        1,
                        1
                    ],
                    "rotation": 0,
                    "weight": [
                        0,
                        0,
                        0,
                        0
                    ],
                    "weightHard": false,
                    "weightScale": [
                        1,
                        1,
                        1
                    ],
                    "mirrored": false,
                    "twinId": 6,
                    "pathable": false,
                    "flooded": false,
                    "mergeable": false,
                    "no_features": true
                },
                {
                    "proj": "BP_Bend",
                    "spec": "/pa/terrain/ice/brushes/ice_crack_02.json",
                    "height": 676.0422973632812,
                    "op": "BO_Subtract",
                    "position": [
                        431.376953125,
                        464.90478515625,
                        234.11669921875
                    ],
                    "transform": [
                        0.6975714564323425,
                        -0.32593414187431335,
                        0.6380916833877563,
                        431.376953125,
                        -0.32593414187431335,
                        0.648733377456665,
                        0.6876859664916992,
                        464.90484619140625,
                        0.6380916833877563,
                        0.6876859664916992,
                        -0.3463047742843628,
                        -234.11666870117188
                    ],
                    "scale": [
                        1,
                        1,
                        1
                    ],
                    "rotation": 0,
                    "weight": [
                        0,
                        0,
                        0,
                        0
                    ],
                    "weightHard": false,
                    "weightScale": [
                        1,
                        1,
                        1
                    ],
                    "mirrored": true,
                    "twinId": 6,
                    "pathable": false,
                    "flooded": false,
                    "mergeable": false,
                    "no_features": true
                },
                {
                    "proj": "BP_Bend",
                    "spec": "/pa/terrain/ice/brushes/ice_crack_02.json",
                    "height": 673.89208984375,
                    "op": "BO_Subtract",
                    "position": [
                        -8.331291198730469,
                        15.91552734375,
                        673.652587890625
                    ],
                    "transform": [
                        0.999923586845398,
                        0.00014601578004658222,
                        -0.012362944893538952,
                        -8.331291198730469,
                        0.00014601578004658222,
                        0.9997210502624512,
                        0.023617321625351906,
                        15.915526390075684,
                        0.012362944893538952,
                        -0.023617321625351906,
                        0.9996446371078491,
                        673.652587890625
                    ],
                    "scale": [
                        1,
                        1,
                        1
                    ],
                    "rotation": 0,
                    "weight": [
                        0,
                        0,
                        0,
                        0
                    ],
                    "weightHard": false,
                    "weightScale": [
                        1,
                        1,
                        1
                    ],
                    "mirrored": false,
                    "twinId": 7,
                    "pathable": false,
                    "flooded": false,
                    "mergeable": false,
                    "no_features": true
                },
                {
                    "proj": "BP_Bend",
                    "spec": "/pa/terrain/ice/brushes/ice_crack_02.json",
                    "height": 673.89208984375,
                    "op": "BO_Subtract",
                    "position": [
                        -8.331291198730469,
                        15.91552734375,
                        673.652587890625
                    ],
                    "transform": [
                        0.999923586845398,
                        0.00014601578004658222,
                        -0.012362944893538952,
                        -8.331291198730469,
                        0.00014601578004658222,
                        0.9997210502624512,
                        0.023617321625351906,
                        15.915526390075684,
                        -0.012362944893538952,
                        0.023617321625351906,
                        -0.9996446371078491,
                        -673.652587890625
                    ],
                    "scale": [
                        1,
                        1,
                        1
                    ],
                    "rotation": 0,
                    "weight": [
                        0,
                        0,
                        0,
                        0
                    ],
                    "weightHard": false,
                    "weightScale": [
                        1,
                        1,
                        1
                    ],
                    "mirrored": true,
                    "twinId": 7,
                    "pathable": false,
                    "flooded": false,
                    "mergeable": false,
                    "no_features": true
                },
                {
                    "proj": "BP_Bend",
                    "spec": "/pa/terrain/ice/brushes/ice_crack_02.json",
                    "height": 676.797607421875,
                    "op": "BO_Subtract",
                    "position": [
                        -370.139892578125,
                        -152.64630126953125,
                        -545.665283203125
                    ],
                    "transform": [
                        -0.5437008142471313,
                        -0.6366247534751892,
                        -0.5468986630439758,
                        -370.13970947265625,
                        -0.6366247534751892,
                        0.737454891204834,
                        -0.22554191946983337,
                        -152.64622497558594,
                        0.5468986630439758,
                        0.22554191946983337,
                        -0.8062459230422974,
                        -545.665283203125
                    ],
                    "scale": [
                        1,
                        1,
                        1
                    ],
                    "rotation": 0,
                    "weight": [
                        0,
                        0,
                        0,
                        0
                    ],
                    "weightHard": false,
                    "weightScale": [
                        1,
                        1,
                        1
                    ],
                    "mirrored": false,
                    "twinId": 9,
                    "pathable": false,
                    "flooded": false,
                    "mergeable": false,
                    "no_features": true
                },
                {
                    "proj": "BP_Bend",
                    "spec": "/pa/terrain/ice/brushes/ice_crack_02.json",
                    "height": 676.797607421875,
                    "op": "BO_Subtract",
                    "position": [
                        -370.139892578125,
                        -152.64630126953125,
                        -545.665283203125
                    ],
                    "transform": [
                        -0.5437008142471313,
                        -0.6366247534751892,
                        -0.5468986630439758,
                        -370.13970947265625,
                        -0.6366247534751892,
                        0.737454891204834,
                        -0.22554191946983337,
                        -152.64622497558594,
                        -0.5468986630439758,
                        -0.22554191946983337,
                        0.8062459230422974,
                        545.665283203125
                    ],
                    "scale": [
                        1,
                        1,
                        1
                    ],
                    "rotation": 0,
                    "weight": [
                        0,
                        0,
                        0,
                        0
                    ],
                    "weightHard": false,
                    "weightScale": [
                        1,
                        1,
                        1
                    ],
                    "mirrored": true,
                    "twinId": 9,
                    "pathable": false,
                    "flooded": false,
                    "mergeable": false,
                    "no_features": true
                },
                {
                    "proj": "BP_Bend",
                    "spec": "/pa/terrain/ice/brushes/ice_metal_t2_small_2_ramp.json",
                    "height": 674.3727416992188,
                    "op": "BO_Add",
                    "position": [
                        -206.9874267578125,
                        -596.95361328125,
                        235.75668334960938
                    ],
                    "transform": [
                        0.9301952719688416,
                        -0.2013174593448639,
                        -0.30693328380584717,
                        -206.98744201660156,
                        -0.2013174593448639,
                        0.41939860582351685,
                        -0.8851982951164246,
                        -596.95361328125,
                        0.30693328380584717,
                        0.8851982951164246,
                        0.3495938777923584,
                        235.75657653808594
                    ],
                    "scale": [
                        1,
                        1,
                        1
                    ],
                    "rotation": 0,
                    "weight": [
                        0,
                        0,
                        0,
                        0
                    ],
                    "weightHard": false,
                    "weightScale": [
                        1,
                        1,
                        1
                    ],
                    "mirrored": false,
                    "twinId": 10,
                    "pathable": true,
                    "flooded": false,
                    "mergeable": false,
                    "no_features": true
                },
                {
                    "proj": "BP_Bend",
                    "spec": "/pa/terrain/ice/brushes/ice_metal_t2_small_2_ramp.json",
                    "height": 674.3727416992188,
                    "op": "BO_Add",
                    "position": [
                        -206.9874267578125,
                        -596.95361328125,
                        235.75668334960938
                    ],
                    "transform": [
                        0.9301952719688416,
                        -0.2013174593448639,
                        -0.30693328380584717,
                        -206.98744201660156,
                        -0.2013174593448639,
                        0.41939860582351685,
                        -0.8851982951164246,
                        -596.95361328125,
                        -0.30693328380584717,
                        -0.8851982951164246,
                        -0.3495938777923584,
                        -235.75657653808594
                    ],
                    "scale": [
                        1,
                        1,
                        1
                    ],
                    "rotation": 0,
                    "weight": [
                        0,
                        0,
                        0,
                        0
                    ],
                    "weightHard": false,
                    "weightScale": [
                        1,
                        1,
                        1
                    ],
                    "mirrored": true,
                    "twinId": 10,
                    "pathable": true,
                    "flooded": false,
                    "mergeable": false,
                    "no_features": true
                },
                {
                    "proj": "BP_Bend",
                    "spec": "/pa/terrain/ice/brushes/ice_metal_t2_small_2_ramp.json",
                    "height": 676.1702880859375,
                    "op": "BO_Add",
                    "position": [
                        -554.1700439453125,
                        311.411376953125,
                        230.48800659179688
                    ],
                    "transform": [
                        0.24113161861896515,
                        -0.5197669863700867,
                        -0.8195717334747314,
                        -554.1700439453125,
                        0.8169023394584656,
                        -0.34722137451171875,
                        0.4605517089366913,
                        311.411376953125,
                        -0.5239523649215698,
                        -0.7805636525154114,
                        0.3408728241920471,
                        230.4880828857422
                    ],
                    "scale": [
                        1,
                        1,
                        1
                    ],
                    "rotation": 1.6499990224838257,
                    "weight": [
                        0,
                        0,
                        0,
                        0
                    ],
                    "weightHard": false,
                    "weightScale": [
                        1,
                        1,
                        1
                    ],
                    "mirrored": false,
                    "twinId": 14,
                    "pathable": true,
                    "flooded": false,
                    "mergeable": false,
                    "no_features": true
                },
                {
                    "proj": "BP_Bend",
                    "spec": "/pa/terrain/ice/brushes/ice_metal_t2_small_2_ramp.json",
                    "height": 676.1702880859375,
                    "op": "BO_Add",
                    "position": [
                        -554.1700439453125,
                        311.411376953125,
                        230.48800659179688
                    ],
                    "transform": [
                        0.24113161861896515,
                        -0.5197669863700867,
                        -0.8195717334747314,
                        -554.1700439453125,
                        0.8169023394584656,
                        -0.34722137451171875,
                        0.4605517089366913,
                        311.411376953125,
                        0.5239523649215698,
                        0.7805636525154114,
                        -0.3408728241920471,
                        -230.48809814453125
                    ],
                    "scale": [
                        1,
                        1,
                        1
                    ],
                    "rotation": 1.6499990224838257,
                    "weight": [
                        0,
                        0,
                        0,
                        0
                    ],
                    "weightHard": false,
                    "weightScale": [
                        1,
                        1,
                        1
                    ],
                    "mirrored": true,
                    "twinId": 14,
                    "pathable": true,
                    "flooded": false,
                    "mergeable": false,
                    "no_features": true
                },
                {
                    "proj": "BP_Bend",
                    "spec": "/pa/terrain/ice/brushes/ice_metal_t3_small_2_ramp.json",
                    "height": 677.4953002929688,
                    "op": "BO_Add",
                    "position": [
                        622.0987548828125,
                        -37.765869140625,
                        265.64410400390625
                    ],
                    "transform": [
                        -0.014344621449708939,
                        -0.3957802355289459,
                        0.9182331562042236,
                        622.0986328125,
                        0.9847140312194824,
                        -0.1650177389383316,
                        -0.05574336275458336,
                        -37.765865325927734,
                        0.1735868752002716,
                        0.9033974409103394,
                        0.39209747314453125,
                        265.6441955566406
                    ],
                    "scale": [
                        1,
                        1,
                        1
                    ],
                    "rotation": 1.6999987363815308,
                    "weight": [
                        0,
                        0,
                        0,
                        0
                    ],
                    "weightHard": false,
                    "weightScale": [
                        1,
                        1,
                        1
                    ],
                    "mirrored": false,
                    "twinId": 18,
                    "pathable": true,
                    "flooded": false,
                    "mergeable": false,
                    "no_features": true
                },
                {
                    "proj": "BP_Bend",
                    "spec": "/pa/terrain/ice/brushes/ice_metal_t3_small_2_ramp.json",
                    "height": 677.4953002929688,
                    "op": "BO_Add",
                    "position": [
                        622.0987548828125,
                        -37.765869140625,
                        265.64410400390625
                    ],
                    "transform": [
                        -0.014344621449708939,
                        -0.3957802355289459,
                        0.9182331562042236,
                        622.0986328125,
                        0.9847140312194824,
                        -0.1650177389383316,
                        -0.05574336275458336,
                        -37.765865325927734,
                        -0.1735868752002716,
                        -0.9033974409103394,
                        -0.39209747314453125,
                        -265.6441955566406
                    ],
                    "scale": [
                        1,
                        1,
                        1
                    ],
                    "rotation": 1.6999987363815308,
                    "weight": [
                        0,
                        0,
                        0,
                        0
                    ],
                    "weightHard": false,
                    "weightScale": [
                        1,
                        1,
                        1
                    ],
                    "mirrored": true,
                    "twinId": 18,
                    "pathable": true,
                    "flooded": false,
                    "mergeable": false,
                    "no_features": true
