{
    "name": "Bra'x 5v5",
    "description": "",
    "creator": "Academia",
    "version": "",
    "planets": [
        {
            "name": "Boreczky",
            "mass": 5000,
            "position_x": 20200,
            "position_y": -12600,
            "velocity_x": 76.69783020019531,
            "velocity_y": 122.96002960205078,
            "required_thrust_to_move": 3,
            "starting_planet": true,
            "respawn": false,
            "start_destroyed": false,
            "min_spawn_delay": 0,
            "max_spawn_delay": 0,
            "planet": {
                "seed": 963046144,
                "radius": 625,
                "heightRange": 0,
                "waterHeight": 21,
                "waterDepth": 100,
                "temperature": 0,
                "metalDensity": 0,
                "metalClusters": 0,
                "metalSpotLimit": -1,
                "biomeScale": 50,
                "biome": "moon",
                "symmetryType": "terrain and CSG",
                "symmetricalMetal": true,
                "symmetricalStarts": false,
                "numArmies": 2,
                "landingZonesPerArmy": 0,
                "landingZoneSize": 0,
                "heightAdjustments": []
            },
            "planetCSG": [
                {
                    "proj": "BP_Bend",
                    "spec": "/pa/terrain/ice/brushes/ice_cliff_11.json",
                    "height": 623.6573486328125,
                    "op": "BO_Add",
                    "position": [
                        301.23443603515625,
                        -136.96864318847656,
                        -528.6264038085938
                    ],
                    "transform": [
                        -1.3436346054077148,
                        1.7613067626953125,
                        1.2220219373703003,
                        301.23455810546875,
                        1.7613067626953125,
                        1.7291479110717773,
                        -0.5556426048278809,
                        -136.96868896484375,
                        -1.2220219373703003,
                        0.5556426048278809,
                        -2.1444852352142334,
                        -528.6264038085938
                    ],
                    "scale": [
                        2.529998540878296,
                        2.529998540878296,
                        2.529998540878296
                    ],
                    "rotation": 0,
                    "weight": [
                        0,
                        0,
                        0,
                        0
                    ],
                    "weightHard": false,
                    "weightScale": [
                        1,
                        1,
                        1
                    ],
                    "mirrored": false,
                    "twinId": 2,
                    "pathable": false,
                    "flooded": false,
                    "mergeable": false,
                    "no_features": false
                },
                {
                    "proj": "BP_Bend",
                    "spec": "/pa/terrain/ice/brushes/ice_cliff_11.json",
                    "height": 623.6573486328125,
                    "op": "BO_Add",
                    "position": [
                        301.23443603515625,
                        -136.96864318847656,
                        -528.6264038085938
                    ],
                    "transform": [
                        -1.3436346054077148,
                        1.7613067626953125,
                        1.2220219373703003,
                        301.23455810546875,
                        1.7613067626953125,
                        1.7291479110717773,
                        -0.5556426048278809,
                        -136.96868896484375,
                        1.2220219373703003,
                        -0.5556426048278809,
                        2.1444852352142334,
                        528.6264038085938
                    ],
                    "scale": [
                        2.529998540878296,
                        2.529998540878296,
                        2.529998540878296
                    ],
                    "rotation": 0,
                    "weight": [
                        0,
                        0,
                        0,
                        0
                    ],
                    "weightHard": false,
                    "weightScale": [
                        1,
                        1,
                        1
                    ],
                    "mirrored": true,
                    "twinId": 2,
                    "pathable": false,
                    "flooded": false,
                    "mergeable": false,
                    "no_features": false
                },
                {
                    "proj": "BP_Bend",
                    "spec": "/pa/terrain/ice/brushes/ice_cliff_11.json",
                    "height": 626.0711669921875,
                    "op": "BO_Add",
                    "position": [
                        437.3651123046875,
                        -113.87860107421875,
                        -433.25341796875
                    ],
                    "transform": [
                        -1.4497876167297363,
                        1.0232150554656982,
                        1.7324944734573364,
                        437.3651123046875,
                        1.0232150554656982,
                        2.2135798931121826,
                        -0.45109692215919495,
                        -113.87860107421875,
                        -1.7324944734573364,
                        0.45109692215919495,
                        -1.716206431388855,
                        -433.2532043457031
                    ],
                    "scale": [
                        2.4799985885620117,
                        2.4799985885620117,
                        2.4799985885620117
                    ],
                    "rotation": 0,
                    "weight": [
                        0,
                        0,
                        0,
                        0
                    ],
                    "weightHard": false,
                    "weightScale": [
                        1,
                        1,
                        1
                    ],
                    "mirrored": false,
                    "twinId": 3,
                    "pathable": false,
                    "flooded": false,
                    "mergeable": false,
                    "no_features": false
                },
                {
                    "proj": "BP_Bend",
                    "spec": "/pa/terrain/ice/brushes/ice_cliff_11.json",
                    "height": 626.0711669921875,
                    "op": "BO_Add",
                    "position": [
                        437.3651123046875,
                        -113.87860107421875,
                        -433.25341796875
                    ],
                    "transform": [
                        -1.4497876167297363,
                        1.0232150554656982,
                        1.7324944734573364,
                        437.3650817871094,
                        1.0232150554656982,
                        2.2135798931121826,
                        -0.45109692215919495,
                        -113.87859344482422,
                        1.7324944734573364,
                        -0.45109692215919495,
                        1.716206431388855,
                        433.2532043457031
                    ],
                    "scale": [
                        2.4799985885620117,
                        2.4799985885620117,
                        2.4799985885620117
                    ],
                    "rotation": 0,
                    "weight": [
                        0,
                        0,
                        0,
                        0
                    ],
                    "weightHard": false,
                    "weightScale": [
                        1,
                        1,
                        1
                    ],
                    "mirrored": true,
                    "twinId": 3,
                    "pathable": false,
                    "flooded": false,
                    "mergeable": false,
                    "no_features": false
                },
                {
                    "proj": "BP_Bend",
                    "spec": "/pa/terrain/ice/brushes/ice_cliff_10.json",
                    "height": 626.66796875,
                    "op": "BO_Add",
                    "position": [
                        357.19390869140625,
                        77.7550048828125,
                        508.9984130859375
                    ],
                    "transform": [
                        0.6171515583992004,
                        1.8729034662246704,
                        1.3679728507995605,
                        357.1938781738281,
                        -2.317946672439575,
                        0.5462980270385742,
                        0.29778429865837097,
                        77.75499725341797,
                        -0.0789998471736908,
                        -1.3977783918380737,
                        1.9493505954742432,
                        508.9984436035156
                    ],
                    "scale": [
                        2.399998664855957,
                        2.399998664855957,
                        2.399998664855957
                    ],
                    "rotation": -1.2999991178512573,
                    "weight": [
                        0,
                        0,
                        0,
                        0
                    ],
                    "weightHard": false,
                    "weightScale": [
                        1,
                        1,
                        1
                    ],
                    "mirrored": false,
                    "twinId": 9,
                    "pathable": false,
                    "flooded": false,
                    "mergeable": false,
                    "no_features": false
                },
                {
                    "proj": "BP_Bend",
                    "spec": "/pa/terrain/ice/brushes/ice_cliff_10.json",
                    "height": 626.66796875,
                    "op": "BO_Add",
                    "position": [
                        357.19390869140625,
                        77.7550048828125,
                        508.9984130859375
                    ],
                    "transform": [
                        0.6171515583992004,
                        1.8729034662246704,
                        1.3679728507995605,
                        357.1938781738281,
                        -2.317946672439575,
                        0.5462980270385742,
                        0.29778429865837097,
                        77.75499725341797,
                        0.0789998471736908,
                        1.3977783918380737,
                        -1.9493505954742432,
                        -508.9984436035156
                    ],
                    "scale": [
                        2.399998664855957,
                        2.399998664855957,
                        2.399998664855957
                    ],
                    "rotation": -1.2999991178512573,
                    "weight": [
                        0,
                        0,
                        0,
                        0
                    ],
                    "weightHard": false,
                    "weightScale": [
                        1,
                        1,
                        1
                    ],
                    "mirrored": true,
                    "twinId": 9,
                    "pathable": false,
                    "flooded": false,
                    "mergeable": false,
                    "no_features": false
                },
                {
                    "proj": "BP_Bend",
                    "spec": "/pa/terrain/ice/brushes/ice_cliff_03.json",
                    "height": 627.5288696289062,
                    "op": "BO_Add",
                    "position": [
                        433.0128173828125,
                        34.613525390625,
                        452.8734130859375
                    ],
                    "transform": [
                        0.7234444618225098,
                        -0.022106876596808434,
                        0.6900285482406616,
                        433.0128479003906,
                        -0.022106876596808434,
                        0.9982328414916992,
                        0.05515845865011215,
                        34.613525390625,
                        -0.6900285482406616,
                        -0.05515845865011215,
                        0.721677303314209,
                        452.87335205078125
                    ],
                    "scale": [
                        1,
                        1,
                        1
                    ],
                    "rotation": 0,
                    "weight": [
                        0,
                        0,
                        0,
                        0
                    ],
                    "weightHard": false,
                    "weightScale": [
                        1,
                        1,
                        1
                    ],
                    "mirrored": false,
                    "twinId": 10,
                    "pathable": false,
                    "flooded": false,
                    "mergeable": false,
                    "no_features": false
                },
                {
                    "proj": "BP_Bend",
                    "spec": "/pa/terrain/ice/brushes/ice_cliff_03.json",
                    "height": 627.5288696289062,
                    "op": "BO_Add",
                    "position": [
                        433.0128173828125,
                        34.613525390625,
                        452.8734130859375
                    ],
                    "transform": [
                        0.7234444618225098,
                        -0.022106876596808434,
                        0.6900285482406616,
                        433.0128479003906,
                        -0.022106876596808434,
                        0.9982328414916992,
                        0.05515845865011215,
                        34.613525390625,
                        0.6900285482406616,
                        0.05515845865011215,
                        -0.721677303314209,
                        -452.87335205078125
                    ],
                    "scale": [
                        1,
                        1,
                        1
                    ],
                    "rotation": 0,
                    "weight": [
                        0,
                        0,
                        0,
                        0
                    ],
                    "weightHard": false,
                    "weightScale": [
                        1,
                        1,
                        1
                    ],
                    "mirrored": true,
                    "twinId": 10,
                    "pathable": false,
                    "flooded": false,
                    "mergeable": false,
                    "no_features": false
                },
                {
                    "proj": "BP_Bend",
                    "spec": "/pa/terrain/ice/brushes/ice_cliff_03.json",
                    "height": 627.8697509765625,
                    "op": "BO_Add",
                    "position": [
                        457.1417236328125,
                        37.15167236328125,
                        428.7908935546875
                    ],
                    "transform": [
                        0.6850100755691528,
                        -0.02559906803071499,
                        0.7280837297439575,
                        457.1417541503906,
                        -0.02559906803071499,
                        0.9979195594787598,
                        0.05917099490761757,
                        37.151676177978516,
                        -0.7280837297439575,
                        -0.05917099490761757,
                        0.6829296946525574,
                        428.7908935546875
                    ],
                    "scale": [
                        1,
                        1,
                        1
                    ],
                    "rotation": 0,
                    "weight": [
                        0,
                        0,
                        0,
                        0
                    ],
                    "weightHard": false,
                    "weightScale": [
                        1,
                        1,
                        1
                    ],
                    "mirrored": false,
                    "twinId": 15,
                    "pathable": false,
                    "flooded": false,
                    "mergeable": false,
                    "no_features": false
                },
                {
                    "proj": "BP_Bend",
                    "spec": "/pa/terrain/ice/brushes/ice_cliff_03.json",
                    "height": 627.8697509765625,
                    "op": "BO_Add",
                    "position": [
                        457.1417236328125,
                        37.15167236328125,
                        428.7908935546875
                    ],
                    "transform": [
                        0.6850100755691528,
                        -0.02559906803071499,
                        0.7280837297439575,
                        457.1417541503906,
                        -0.02559906803071499,
                        0.9979195594787598,
                        0.05917099490761757,
                        37.151676177978516,
                        0.7280837297439575,
                        0.05917099490761757,
                        -0.6829296946525574,
                        -428.7908935546875
                    ],
                    "scale": [
                        1,
                        1,
                        1
                    ],
                    "rotation": 0,
                    "weight": [
                        0,
                        0,
                        0,
                        0
                    ],
                    "weightHard": false,
                    "weightScale": [
                        1,
                        1,
                        1
                    ],
                    "mirrored": true,
                    "twinId": 15,
                    "pathable": false,
                    "flooded": false,
                    "mergeable": false,
                    "no_features": false
                },
                {
                    "proj": "BP_Bend",
                    "spec": "/pa/terrain/ice/brushes/ice_cliff_03.json",
                    "height": 628.211181640625,
                    "op": "BO_Add",
                    "position": [
                        478.6885986328125,
                        34.8690185546875,
                        405.327880859375
                    ],
                    "transform": [
                        0.6470821499824524,
                        -0.02570752240717411,
                        0.7619867324829102,
                        478.6885986328125,
                        -0.02570752240717411,
                        0.9981274008750916,
                        0.05550524219870567,
                        34.869014739990234,
                        -0.7619867324829102,
                        -0.05550524219870567,
                        0.645209550857544,
                        405.3278503417969
                    ],
                    "scale": [
                        1,
                        1,
                        1
                    ],
                    "rotation": 0,
                    "weight": [
                        0,
                        0,
                        0,
                        0
                    ],
                    "weightHard": false,
                    "weightScale": [
                        1,
                        1,
                        1
                    ],
                    "mirrored": false,
                    "twinId": 16,
                    "pathable": false,
                    "flooded": false,
                    "mergeable": false,
                    "no_features": false
                },
                {
                    "proj": "BP_Bend",
                    "spec": "/pa/terrain/ice/brushes/ice_cliff_03.json",
                    "height": 628.211181640625,
                    "op": "BO_Add",
                    "position": [
                        478.6885986328125,
                        34.8690185546875,
                        405.327880859375
                    ],
                    "transform": [
                        0.6470821499824524,
                        -0.02570752240717411,
                        0.7619867324829102,
                        478.6886291503906,
                        -0.02570752240717411,
                        0.9981274008750916,
                        0.05550524219870567,
                        34.869014739990234,
                        0.7619867324829102,
                        0.05550524219870567,
                        -0.645209550857544,
                        -405.3278503417969
                    ],
                    "scale": [
                        1,
                        1,
                        1
                    ],
                    "rotation": 0,
                    "weight": [
                        0,
                        0,
                        0,
                        0
                    ],
                    "weightHard": false,
                    "weightScale": [
                        1,
                        1,
                        1
                    ],
                    "mirrored": true,
                    "twinId": 16,
                    "pathable": false,
                    "flooded": false,
                    "mergeable": false,
                    "no_features": false
                },
                {
                    "proj": "BP_Bend",
                    "spec": "/pa/terrain/ice/brushes/ice_cliff_03.json",
                    "height": 628.4473266601562,
                    "op": "BO_Add",
                    "position": [
                        499.9869384765625,
                        27.43115234375,
                        379.7454833984375
                    ],
                    "transform": [
                        0.6054474115371704,
                        -0.02164662815630436,
                        0.795590877532959,
                        499.9869689941406,
                        -0.02164662815630436,
                        0.9988123774528503,
                        0.043649088591337204,
                        27.43115234375,
                        -0.795590877532959,
                        -0.043649088591337204,
                        0.6042597889900208,
                        379.7454528808594
                    ],
                    "scale": [
                        1,
                        1,
                        1
                    ],
                    "rotation": 0,
                    "weight": [
                        0,
                        0,
                        0,
                        0
                    ],
                    "weightHard": false,
                    "weightScale": [
                        1,
                        1,
                        1
                    ],
                    "mirrored": false,
                    "twinId": 17,
                    "pathable": false,
                    "flooded": false,
                    "mergeable": false,
                    "no_features": false
                },
                {
                    "proj": "BP_Bend",
                    "spec": "/pa/terrain/ice/brushes/ice_cliff_03.json",
                    "height": 628.4473266601562,
                    "op": "BO_Add",
                    "position": [
                        499.9869384765625,
                        27.43115234375,
                        379.7454833984375
                    ],
                    "transform": [
                        0.6054474115371704,
                        -0.02164662815630436,
                        0.795590877532959,
                        499.98699951171875,
                        -0.02164662815630436,
                        0.9988123774528503,
                        0.043649088591337204,
                        27.43115234375,
                        0.795590877532959,
                        0.043649088591337204,
                        -0.6042597889900208,
                        -379.7454528808594
                    ],
                    "scale": [
                        1,
                        1,
                        1
                    ],
                    "rotation": 0,
                    "weight": [
                        0,
                        0,
                        0,
                        0
                    ],
                    "weightHard": false,
                    "weightScale": [
                        1,
                        1,
                        1
                    ],
                    "mirrored": true,
                    "twinId": 17,
                    "pathable": false,
                    "flooded": false,
                    "mergeable": false,
                    "no_features": false
                },
                {
                    "proj": "BP_Bend",
                    "spec": "/pa/terrain/ice/brushes/ice_cliff_03.json",
                    "height": 627.9991455078125,
                    "op": "BO_Add",
                    "position": [
                        518.7867431640625,
                        14.2939453125,
                        353.6083984375
                    ],
                    "transform": [
                        0.5634030103683472,
                        -0.01202940009534359,
                        0.8260945677757263,
                        518.7866821289062,
                        -0.01202940009534359,
                        0.999668538570404,
                        0.022761087864637375,
                        14.293943405151367,
                        -0.8260945677757263,
                        -0.022761087864637375,
                        0.563071608543396,
                        353.6084899902344
                    ],
                    "scale": [
                        1,
                        1,
                        1
                    ],
                    "rotation": 0,
                    "weight": [
                        0,
                        0,
                        0,
                        0
                    ],
                    "weightHard": false,
                    "weightScale": [
                        1,
                        1,
                        1
                    ],
                    "mirrored": false,
                    "twinId": 19,
                    "pathable": false,
                    "flooded": false,
                    "mergeable": false,
                    "no_features": false
                },
                {
                    "proj": "BP_Bend",
                    "spec": "/pa/terrain/ice/brushes/ice_cliff_03.json",
                    "height": 627.9991455078125,
                    "op": "BO_Add",
                    "position": [
                        518.7867431640625,
                        14.2939453125,
                        353.6083984375
                    ],
                    "transform": [
                        0.5634030103683472,
                        -0.01202940009534359,
                        0.8260945677757263,
                        518.7866821289062,
                        -0.01202940009534359,
                        0.999668538570404,
                        0.022761087864637375,
                        14.29394245147705,
                        0.8260945677757263,
                        0.022761087864637375,
                        -0.563071608543396,
                        -353.6084899902344
                    ],
                    "scale": [
                        1,
                        1,
                        1
                    ],
                    "rotation": 0,
                    "weight": [
                        0,
                        0,
                        0,
                        0
                    ],
                    "weightHard": false,
                    "weightScale": [
                        1,
                        1,
                        1
                    ],
                    "mirrored": true,
                    "twinId": 19,
                    "pathable": false,
                    "flooded": false,
                    "mergeable": false,
                    "no_features": false
                },
                {
                    "proj": "BP_Bend",
                    "spec": "/pa/terrain/ice/brushes/ice_cliff_03.json",
                    "height": 627.6307983398438,
                    "op": "BO_Add",
                    "position": [
                        533.51806640625,
                        -6.56378173828125,
                        330.5084228515625
                    ],
                    "transform": [
                        0.49457722902297974,
                        0.18112708628177643,
                        0.8500508069992065,
                        533.51806640625,
                        -0.3279731869697571,
                        0.9446291327476501,
                        -0.010458028875291348,
                        -6.563780784606934,
                        -0.8048770427703857,
                        -0.2736215591430664,
                        0.5265969038009644,
                        330.5084228515625
                    ],
                    "scale": [
                        1,
                        1,
                        1
                    ],
                    "rotation": -0.3399999439716339,
                    "weight": [
                        0,
                        0,
                        0,
                        0
                    ],
                    "weightHard": false,
                    "weightScale": [
                        1,
                        1,
                        1
                    ],
                    "mirrored": false,
                    "twinId": 20,
                    "pathable": false,
                    "flooded": false,
                    "mergeable": false,
                    "no_features": false
                },
                {
                    "proj": "BP_Bend",
                    "spec": "/pa/terrain/ice/brushes/ice_cliff_03.json",
                    "height": 627.6307983398438,
                    "op": "BO_Add",
                    "position": [
                        533.51806640625,
                        -6.56378173828125,
                        330.5084228515625
                    ],
                    "transform": [
                        0.49457722902297974,
                        0.18112708628177643,
                        0.8500508069992065,
                        533.51806640625,
                        -0.3279731869697571,
                        0.9446291327476501,
                        -0.010458028875291348,
                        -6.563780784606934,
                        0.8048770427703857,
                        0.2736215591430664,
                        -0.5265969038009644,
                        -330.5084228515625
                    ],
                    "scale": [
                        1,
                        1,
                        1
                    ],
                    "rotation": -0.3399999439716339,
                    "weight": [
                        0,
                        0,
                        0,
                        0
                    ],
                    "weightHard": false,
                    "weightScale": [
                        1,
                        1,
                        1
                    ],
                    "mirrored": true,
                    "twinId": 20,
                    "pathable": false,
                    "flooded": false,
                    "mergeable": false,
                    "no_features": false
                },
                {
                    "proj": "BP_Bend",
                    "spec": "/pa/terrain/ice/brushes/ice_cliff_03.json",
                    "height": 627.8084106445312,
                    "op": "BO_Add",
                    "position": [
                        543.5404663085938,
                        -33.881927490234375,
                        312.34466552734375
                    ],
                    "transform": [
                        0.35492387413978577,
                        0.3527940511703491,
                        0.8657745122909546,
                        543.54052734375,
                        -0.6346445083618164,
                        0.7709174752235413,
                        -0.053968582302331924,
                        -33.88193130493164,
                        -0.6864805221557617,
                        -0.5303043127059937,
                        0.49751585721969604,
                        312.3446350097656
                    ],
                    "scale": [
                        1,
                        1,
                        1
                    ],
                    "rotation": -0.7199996113777161,
                    "weight": [
                        0,
                        0,
                        0,
                        0
                    ],
                    "weightHard": false,
                    "weightScale": [
                        1,
                        1,
                        1
                    ],
                    "mirrored": false,
                    "twinId": 21,
                    "pathable": false,
                    "flooded": false,
                    "mergeable": false,
                    "no_features": false
                },
                {
                    "proj": "BP_Bend",
                    "spec": "/pa/terrain/ice/brushes/ice_cliff_03.json",
                    "height": 627.8084106445312,
                    "op": "BO_Add",
                    "position": [
                        543.5404663085938,
                        -33.881927490234375,
                        312.34466552734375
                    ],
                    "transform": [
                        0.35492387413978577,
                        0.3527940511703491,
                        0.8657745122909546,
                        543.54052734375,
                        -0.6346445083618164,
                        0.7709174752235413,
                        -0.053968582302331924,
                        -33.88193130493164,
                        0.6864805221557617,
                        0.5303043127059937,
                        -0.49751585721969604,
                        -312.34466552734375
                    ],
                    "scale": [
                        1,
                        1,
                        1
                    ],
                    "rotation": -0.7199996113777161,
                    "weight": [
                        0,
                        0,
                        0,
                        0
                    ],
                    "weightHard": false,
                    "weightScale": [
                        1,
                        1,
                        1
                    ],
                    "mirrored": true,
                    "twinId": 21,
                    "pathable": false,
                    "flooded": false,
                    "mergeable": false,
                    "no_features": false
                },
                {
                    "proj": "BP_Bend",
                    "spec": "/pa/terrain/ice/brushes/ice_cliff_03.json",
                    "height": 627.9269409179688,
                    "op": "BO_Add",
                    "position": [
                        547.1670532226562,
                        -67.28299713134766,
                        300.62176513671875
                    ],
                    "transform": [
                        0.12220101803541183,
                        0.47513407468795776,
                        0.8713865876197815,
                        547.1671142578125,
                        -0.8976936340332031,
                        0.4273930490016937,
                        -0.10715100914239883,
                        -67.28300476074219,
                        -0.4233357012271881,
                        -0.7691441774368286,
                        0.47875267267227173,
                        300.6217041015625
                    ],
                    "scale": [
                        1,
                        1,
                        1
                    ],
                    "rotation": -1.1899992227554321,
                    "weight": [
                        0,
                        0,
                        0,
                        0
                    ],
                    "weightHard": false,
                    "weightScale": [
                        1,
                        1,
                        1
                    ],
                    "mirrored": false,
                    "twinId": 22,
                    "pathable": false,
                    "flooded": false,
                    "mergeable": false,
                    "no_features": false
                },
                {
                    "proj": "BP_Bend",
                    "spec": "/pa/terrain/ice/brushes/ice_cliff_03.json",
                    "height": 627.9269409179688,
                    "op": "BO_Add",
                    "position": [
                        547.1670532226562,
                        -67.28299713134766,
                        300.62176513671875
                    ],
                    "transform": [
                        0.12220101803541183,
                        0.47513407468795776,
                        0.8713865876197815,
                        547.1671142578125,
                        -0.8976936340332031,
                        0.4273930490016937,
                        -0.10715100914239883,
                        -67.28300476074219,
                        0.4233357012271881,
                        0.7691441774368286,
                        -0.47875267267227173,
                        -300.6217041015625
                    ],
                    "scale": [
                        1,
                        1,
                        1
                    ],
                    "rotation": -1.1899992227554321,
                    "weight": [
                        0,
                        0,
                        0,
                        0
                    ],
                    "weightHard": false,
                    "weightScale": [
                        1,
                        1,
                        1
                    ],
