{
    "name": "Dystopia 10v10",
    "description": "",
    "creator": "Academia",
    "version": "",
    "planets": [
        {
            "name": "Destopia",
            "mass": 10000,
            "position_x": -100,
            "position_y": -18700,
            "velocity_x": 163.51400756835938,
            "velocity_y": -0.8743993043899536,
            "required_thrust_to_move": 0,
            "starting_planet": true,
            "respawn": false,
            "start_destroyed": false,
            "min_spawn_delay": 0,
            "max_spawn_delay": 0,
            "planet": {
                "seed": 852592320,
                "radius": 775,
                "heightRange": 0,
                "waterHeight": 25,
                "waterDepth": 100,
                "temperature": 100,
                "metalDensity": 0,
                "metalClusters": 0,
                "metalSpotLimit": -1,
                "biomeScale": 75.00000006869588,
                "biome": "desert",
                "symmetryType": "terrain and CSG",
                "symmetricalMetal": true,
                "symmetricalStarts": false,
                "numArmies": 2,
                "landingZonesPerArmy": 0,
                "landingZoneSize": 0,
                "heightAdjustments": []
            },
            "planetCSG": [
                {
                    "proj": "BP_Bend",
                    "spec": "/pa/terrain/moon/brushes/moon_crater_02.json",
                    "height": 771.0784301757812,
                    "op": "BO_Subtract",
                    "position": [
                        -468.4466552734375,
                        -484.2232666015625,
                        -375.030029296875
                    ],
                    "transform": [
                        0.920251727104187,
                        -2.428882360458374,
                        -1.98659348487854,
                        -468.4466247558594,
                        -2.428882360458374,
                        0.7593140602111816,
                        -2.053499221801758,
                        -484.2232666015625,
                        1.98659348487854,
                        2.053499221801758,
                        -1.5904322862625122,
                        -375.03021240234375
                    ],
                    "scale": [
                        3.2699978351593018,
                        3.2699978351593018,
                        3.2699978351593018
                    ],
                    "rotation": 0,
                    "weight": [
                        0,
                        0,
                        0,
                        0
                    ],
                    "weightHard": false,
                    "weightScale": [
                        1,
                        1,
                        1
                    ],
                    "mirrored": false,
                    "twinId": 1,
                    "pathable": true,
                    "flooded": true,
                    "mergeable": true,
                    "no_features": false
                },
                {
                    "proj": "BP_Bend",
                    "spec": "/pa/terrain/moon/brushes/moon_crater_02.json",
                    "height": 771.0784301757812,
                    "op": "BO_Subtract",
                    "position": [
                        -468.4466552734375,
                        -484.2232666015625,
                        -375.030029296875
                    ],
                    "transform": [
                        0.920251727104187,
                        -2.428882360458374,
                        -1.98659348487854,
                        -468.4466552734375,
                        -2.428882360458374,
                        0.7593140602111816,
                        -2.053499221801758,
                        -484.2232971191406,
                        -1.98659348487854,
                        -2.053499221801758,
                        1.5904322862625122,
                        375.03021240234375
                    ],
                    "scale": [
                        3.2699978351593018,
                        3.2699978351593018,
                        3.2699978351593018
                    ],
                    "rotation": 0,
                    "weight": [
                        0,
                        0,
                        0,
                        0
                    ],
                    "weightHard": false,
                    "weightScale": [
                        1,
                        1,
                        1
                    ],
                    "mirrored": true,
                    "twinId": 1,
                    "pathable": true,
                    "flooded": true,
                    "mergeable": true,
                    "no_features": false
                },
                {
                    "proj": "BP_Bend",
                    "spec": "/pa/terrain/moon/brushes/moon_crater_02.json",
                    "height": 771.145263671875,
                    "op": "BO_Subtract",
                    "position": [
                        510.8890380859375,
                        -565.8189697265625,
                        116.21694946289062
                    ],
                    "transform": [
                        1.936119556427002,
                        1.3222421407699585,
                        2.0736451148986816,
                        510.8890380859375,
                        1.3222421407699585,
                        1.6655904054641724,
                        -2.296599864959717,
                        -565.8189697265625,
                        -2.0736451148986816,
                        2.296599864959717,
                        0.47171226143836975,
                        116.21690368652344
                    ],
                    "scale": [
                        3.129997968673706,
                        3.129997968673706,
                        3.129997968673706
                    ],
                    "rotation": 0,
                    "weight": [
                        0,
                        0,
                        0,
                        0
                    ],
                    "weightHard": false,
                    "weightScale": [
                        1,
                        1,
                        1
                    ],
                    "mirrored": false,
                    "twinId": 2,
                    "pathable": true,
                    "flooded": true,
                    "mergeable": true,
                    "no_features": false
                },
                {
                    "proj": "BP_Bend",
                    "spec": "/pa/terrain/moon/brushes/moon_crater_02.json",
                    "height": 771.145263671875,
                    "op": "BO_Subtract",
                    "position": [
                        510.8890380859375,
                        -565.8189697265625,
                        116.21694946289062
                    ],
                    "transform": [
                        1.936119556427002,
                        1.3222421407699585,
                        2.0736451148986816,
                        510.8890380859375,
                        1.3222421407699585,
                        1.6655904054641724,
                        -2.296599864959717,
                        -565.8189697265625,
                        2.0736451148986816,
                        -2.296599864959717,
                        -0.47171226143836975,
                        -116.21690368652344
                    ],
                    "scale": [
                        3.129997968673706,
                        3.129997968673706,
                        3.129997968673706
                    ],
                    "rotation": 0,
                    "weight": [
                        0,
                        0,
                        0,
                        0
                    ],
                    "weightHard": false,
                    "weightScale": [
                        1,
                        1,
                        1
                    ],
                    "mirrored": true,
                    "twinId": 2,
                    "pathable": true,
                    "flooded": true,
                    "mergeable": true,
                    "no_features": false
                },
                {
                    "proj": "BP_Bend",
                    "spec": "/pa/terrain/moon/brushes/moon_crater_02.json",
                    "height": 771.1599731445312,
                    "op": "BO_Subtract",
                    "position": [
                        401.29638671875,
                        -658.2503662109375,
                        18.851425170898438
                    ],
                    "transform": [
                        1.3904086351394653,
                        0.8194832801818848,
                        0.9835180044174194,
                        401.29632568359375,
                        0.8194832801818848,
                        0.5457927584648132,
                        -1.613274097442627,
                        -658.250244140625,
                        -0.9835180044174194,
                        1.613274097442627,
                        0.04620226472616196,
                        18.85150909423828
                    ],
                    "scale": [
                        1.8899991512298584,
                        1.8899991512298584,
                        1.8899991512298584
                    ],
                    "rotation": 0,
                    "weight": [
                        0,
                        0,
                        0,
                        0
                    ],
                    "weightHard": false,
                    "weightScale": [
                        1,
                        1,
                        1
                    ],
                    "mirrored": false,
                    "twinId": 3,
                    "pathable": true,
                    "flooded": true,
                    "mergeable": true,
                    "no_features": false
                },
                {
                    "proj": "BP_Bend",
                    "spec": "/pa/terrain/moon/brushes/moon_crater_02.json",
                    "height": 771.1599731445312,
                    "op": "BO_Subtract",
                    "position": [
                        401.29638671875,
                        -658.2503662109375,
                        18.851425170898438
                    ],
                    "transform": [
                        1.3904086351394653,
                        0.8194832801818848,
                        0.9835180044174194,
                        401.2963562011719,
                        0.8194832801818848,
                        0.5457927584648132,
                        -1.613274097442627,
                        -658.250244140625,
                        0.9835180044174194,
                        -1.613274097442627,
                        -0.04620226472616196,
                        -18.851511001586914
                    ],
                    "scale": [
                        1.8899991512298584,
                        1.8899991512298584,
                        1.8899991512298584
                    ],
                    "rotation": 0,
                    "weight": [
                        0,
                        0,
                        0,
                        0
                    ],
                    "weightHard": false,
                    "weightScale": [
                        1,
                        1,
                        1
                    ],
                    "mirrored": true,
                    "twinId": 3,
                    "pathable": true,
                    "flooded": true,
                    "mergeable": true,
                    "no_features": false
                },
                {
                    "proj": "BP_Bend",
                    "spec": "/pa/terrain/desert/brushes/desert_plateau_08.json",
                    "height": 771.13525390625,
                    "op": "BO_Add",
                    "position": [
                        388.35528564453125,
                        -656.6678466796875,
                        112.32574462890625
                    ],
                    "transform": [
                        0.8564807772636414,
                        0.41176527738571167,
                        0.5539764761924744,
                        388.35528564453125,
                        0.41176527738571167,
                        0.40374821424484253,
                        -0.936715841293335,
                        -656.6679077148438,
                        -0.5539764761924744,
                        0.936715841293335,
                        0.16022904217243195,
                        112.3257064819336
                    ],
                    "scale": [
                        1.0999999046325684,
                        1.0999999046325684,
                        1.0999999046325684
                    ],
                    "rotation": 0,
                    "weight": [
                        0,
                        0,
                        0,
                        0
                    ],
                    "weightHard": false,
                    "weightScale": [
                        1,
                        1,
                        1
                    ],
                    "mirrored": false,
                    "twinId": 4,
                    "pathable": false,
                    "flooded": false,
                    "mergeable": false,
                    "no_features": false
                },
                {
                    "proj": "BP_Bend",
                    "spec": "/pa/terrain/desert/brushes/desert_plateau_08.json",
                    "height": 771.13525390625,
                    "op": "BO_Add",
                    "position": [
                        388.35528564453125,
                        -656.6678466796875,
                        112.32574462890625
                    ],
                    "transform": [
                        0.8564807772636414,
                        0.41176527738571167,
                        0.5539764761924744,
                        388.35528564453125,
                        0.41176527738571167,
                        0.40374821424484253,
                        -0.936715841293335,
                        -656.6679077148438,
                        0.5539764761924744,
                        -0.936715841293335,
                        -0.16022904217243195,
                        -112.3257064819336
                    ],
                    "scale": [
                        1.0999999046325684,
                        1.0999999046325684,
                        1.0999999046325684
                    ],
                    "rotation": 0,
                    "weight": [
                        0,
                        0,
                        0,
                        0
                    ],
                    "weightHard": false,
                    "weightScale": [
                        1,
                        1,
                        1
                    ],
                    "mirrored": true,
                    "twinId": 4,
                    "pathable": false,
                    "flooded": false,
                    "mergeable": false,
                    "no_features": false
                },
                {
                    "proj": "BP_Bend",
                    "spec": "/pa/terrain/desert/brushes/desert_plateau_01.json",
                    "height": 771.1419067382812,
                    "op": "BO_Add",
                    "position": [
                        353.8287048339844,
                        -678.4691162109375,
                        95.628173828125
                    ],
                    "transform": [
                        0.8126956224441528,
                        0.359157532453537,
                        0.4588373899459839,
                        353.8287353515625,
                        0.359157532453537,
                        0.31131279468536377,
                        -0.8798240423202515,
                        -678.4691772460938,
                        -0.4588373899459839,
                        0.8798240423202515,
                        0.1240084171295166,
                        95.62808990478516
                    ],
                    "scale": [
                        1,
                        1,
                        1
                    ],
                    "rotation": 0,
                    "weight": [
                        0,
                        0,
                        0,
                        0
                    ],
                    "weightHard": false,
                    "weightScale": [
                        1,
                        1,
                        1
                    ],
                    "mirrored": false,
                    "twinId": 5,
                    "pathable": false,
                    "flooded": false,
                    "mergeable": false,
                    "no_features": false
                },
                {
                    "proj": "BP_Bend",
                    "spec": "/pa/terrain/desert/brushes/desert_plateau_01.json",
                    "height": 771.1419067382812,
                    "op": "BO_Add",
                    "position": [
                        353.8287048339844,
                        -678.4691162109375,
                        95.628173828125
                    ],
                    "transform": [
                        0.8126956224441528,
                        0.359157532453537,
                        0.4588373899459839,
                        353.8287353515625,
                        0.359157532453537,
                        0.31131279468536377,
                        -0.8798240423202515,
                        -678.4691772460938,
                        0.4588373899459839,
                        -0.8798240423202515,
                        -0.1240084171295166,
                        -95.62808990478516
                    ],
                    "scale": [
                        1,
                        1,
                        1
                    ],
                    "rotation": 0,
                    "weight": [
                        0,
                        0,
                        0,
                        0
                    ],
                    "weightHard": false,
                    "weightScale": [
                        1,
                        1,
                        1
                    ],
                    "mirrored": true,
                    "twinId": 5,
                    "pathable": false,
                    "flooded": false,
                    "mergeable": false,
                    "no_features": false
                },
                {
                    "proj": "BP_Bend",
                    "spec": "/pa/terrain/desert/brushes/desert_plateau_01.json",
                    "height": 771.0982666015625,
                    "op": "BO_Add",
                    "position": [
                        331.68072509765625,
                        -691.8998413085938,
                        76.5180435180664
                    ],
                    "transform": [
                        0.8316816687583923,
                        0.35111910104751587,
                        0.4301407039165497,
                        331.6807556152344,
                        0.35111910104751587,
                        0.2675509452819824,
                        -0.8972914814949036,
                        -691.89990234375,
                        -0.4301407039165497,
                        0.8972914814949036,
                        0.09923261404037476,
                        76.51809692382812
                    ],
                    "scale": [
                        1,
                        1,
                        1
                    ],
                    "rotation": 0,
                    "weight": [
                        0,
                        0,
                        0,
                        0
                    ],
                    "weightHard": false,
                    "weightScale": [
                        1,
                        1,
                        1
                    ],
                    "mirrored": false,
                    "twinId": 6,
                    "pathable": false,
                    "flooded": false,
                    "mergeable": false,
                    "no_features": false
                },
                {
                    "proj": "BP_Bend",
                    "spec": "/pa/terrain/desert/brushes/desert_plateau_01.json",
                    "height": 771.0982666015625,
                    "op": "BO_Add",
                    "position": [
                        331.68072509765625,
                        -691.8998413085938,
                        76.5180435180664
                    ],
                    "transform": [
                        0.8316816687583923,
                        0.35111910104751587,
                        0.4301407039165497,
                        331.6807556152344,
                        0.35111910104751587,
                        0.2675509452819824,
                        -0.8972914814949036,
                        -691.8998413085938,
                        0.4301407039165497,
                        -0.8972914814949036,
                        -0.09923261404037476,
                        -76.51809692382812
                    ],
                    "scale": [
                        1,
                        1,
                        1
                    ],
                    "rotation": 0,
                    "weight": [
                        0,
                        0,
                        0,
                        0
                    ],
                    "weightHard": false,
                    "weightScale": [
                        1,
                        1,
                        1
                    ],
                    "mirrored": true,
                    "twinId": 6,
                    "pathable": false,
                    "flooded": false,
                    "mergeable": false,
                    "no_features": false
                },
                {
                    "proj": "BP_Bend",
                    "spec": "/pa/terrain/desert/brushes/desert_plateau_01.json",
                    "height": 771.1294555664062,
                    "op": "BO_Add",
                    "position": [
                        322.4564208984375,
                        -699.0264892578125,
                        44.99397659301758
                    ],
                    "transform": [
                        0.8347814083099365,
                        0.3581636846065521,
                        0.41816121339797974,
                        322.4564208984375,
                        0.3581636846065521,
                        0.22356665134429932,
                        -0.9064970016479492,
                        -699.0265502929688,
                        -0.41816121339797974,
                        0.9064970016479492,
                        0.05834805965423584,
                        44.9939079284668
                    ],
                    "scale": [
                        1,
                        1,
                        1
                    ],
                    "rotation": 0,
                    "weight": [
                        0,
                        0,
                        0,
                        0
                    ],
                    "weightHard": false,
                    "weightScale": [
                        1,
                        1,
                        1
                    ],
                    "mirrored": false,
                    "twinId": 7,
                    "pathable": false,
                    "flooded": false,
                    "mergeable": false,
                    "no_features": false
                },
                {
                    "proj": "BP_Bend",
                    "spec": "/pa/terrain/desert/brushes/desert_plateau_01.json",
                    "height": 771.1294555664062,
                    "op": "BO_Add",
                    "position": [
                        322.4564208984375,
                        -699.0264892578125,
                        44.99397659301758
                    ],
                    "transform": [
                        0.8347814083099365,
                        0.3581636846065521,
                        0.41816121339797974,
                        322.4564208984375,
                        0.3581636846065521,
                        0.22356665134429932,
                        -0.9064970016479492,
                        -699.0265502929688,
                        0.41816121339797974,
                        -0.9064970016479492,
                        -0.05834805965423584,
                        -44.9939079284668
                    ],
                    "scale": [
                        1,
                        1,
                        1
                    ],
                    "rotation": 0,
                    "weight": [
                        0,
                        0,
                        0,
                        0
                    ],
                    "weightHard": false,
                    "weightScale": [
                        1,
                        1,
                        1
                    ],
                    "mirrored": true,
                    "twinId": 7,
                    "pathable": false,
                    "flooded": false,
                    "mergeable": false,
                    "no_features": false
                },
                {
                    "proj": "BP_Bend",
                    "spec": "/pa/terrain/desert/brushes/desert_plateau_01.json",
                    "height": 771.1416625976562,
                    "op": "BO_Add",
                    "position": [
                        315.158203125,
                        -703.6930541992188,
                        12.282573699951172
                    ],
                    "transform": [
                        0.8355908393859863,
                        0.367096871137619,
                        0.4086903929710388,
                        315.158203125,
                        0.367096871137619,
                        0.18033701181411743,
                        -0.9125340580940247,
                        -703.6930541992188,
                        -0.4086903929710388,
                        0.9125340580940247,
                        0.01592785120010376,
                        12.28262996673584
                    ],
                    "scale": [
                        1,
                        1,
                        1
                    ],
                    "rotation": 0,
                    "weight": [
                        0,
                        0,
                        0,
                        0
                    ],
                    "weightHard": false,
                    "weightScale": [
                        1,
                        1,
                        1
                    ],
                    "mirrored": false,
                    "twinId": 8,
                    "pathable": false,
                    "flooded": false,
                    "mergeable": false,
                    "no_features": false
                },
                {
                    "proj": "BP_Bend",
                    "spec": "/pa/terrain/desert/brushes/desert_plateau_01.json",
                    "height": 771.1416625976562,
                    "op": "BO_Add",
                    "position": [
                        315.158203125,
                        -703.6930541992188,
                        12.282573699951172
                    ],
                    "transform": [
                        0.8355908393859863,
                        0.367096871137619,
                        0.4086903929710388,
                        315.158203125,
                        0.367096871137619,
                        0.18033701181411743,
                        -0.9125340580940247,
                        -703.6930541992188,
                        0.4086903929710388,
                        -0.9125340580940247,
                        -0.01592785120010376,
                        -12.28262996673584
                    ],
                    "scale": [
                        1,
                        1,
                        1
                    ],
                    "rotation": 0,
                    "weight": [
                        0,
                        0,
                        0,
                        0
                    ],
                    "weightHard": false,
                    "weightScale": [
                        1,
                        1,
                        1
                    ],
                    "mirrored": true,
                    "twinId": 8,
                    "pathable": false,
                    "flooded": false,
                    "mergeable": false,
                    "no_features": false
                },
                {
                    "proj": "BP_Bend",
                    "spec": "/pa/terrain/desert/brushes/desert_plateau_01.json",
                    "height": 771.0711669921875,
                    "op": "BO_Add",
                    "position": [
                        385.16668701171875,
                        -650.6812133789062,
                        151.03445434570312
                    ],
                    "transform": [
                        0.7913481593132019,
                        0.3524859547615051,
                        0.49952149391174316,
                        385.1666259765625,
                        0.3524859547615051,
                        0.4045279622077942,
                        -0.8438664674758911,
                        -650.6810913085938,
                        -0.49952149391174316,
                        0.8438664674758911,
                        0.1958761215209961,
                        151.034423828125
                    ],
                    "scale": [
                        1,
                        1,
                        1
                    ],
                    "rotation": 0,
                    "weight": [
                        0,
                        0,
                        0,
                        0
                    ],
                    "weightHard": false,
                    "weightScale": [
                        1,
                        1,
                        1
                    ],
                    "mirrored": false,
                    "twinId": 9,
                    "pathable": false,
                    "flooded": false,
                    "mergeable": false,
                    "no_features": false
                },
                {
                    "proj": "BP_Bend",
                    "spec": "/pa/terrain/desert/brushes/desert_plateau_01.json",
                    "height": 771.0711669921875,
                    "op": "BO_Add",
                    "position": [
                        385.16668701171875,
                        -650.6812133789062,
                        151.03445434570312
                    ],
                    "transform": [
                        0.7913481593132019,
                        0.3524859547615051,
                        0.49952149391174316,
                        385.1665954589844,
                        0.3524859547615051,
                        0.4045279622077942,
                        -0.8438664674758911,
                        -650.6810302734375,
                        0.49952149391174316,
                        -0.8438664674758911,
                        -0.1958761215209961,
                        -151.034423828125
                    ],
                    "scale": [
                        1,
                        1,
                        1
                    ],
                    "rotation": 0,
                    "weight": [
                        0,
                        0,
                        0,
                        0
                    ],
                    "weightHard": false,
                    "weightScale": [
                        1,
                        1,
                        1
                    ],
                    "mirrored": true,
                    "twinId": 9,
                    "pathable": false,
                    "flooded": false,
                    "mergeable": false,
                    "no_features": false
                },
                {
                    "proj": "BP_Bend",
                    "spec": "/pa/terrain/desert/brushes/desert_plateau_01.json",
                    "height": 771.1318359375,
                    "op": "BO_Add",
                    "position": [
                        387.9066162109375,
                        -640.6204223632812,
                        183.78860473632812
                    ],
                    "transform": [
                        0.7956575751304626,
                        0.33746767044067383,
                        0.5030354261398315,
                        387.9066467285156,
                        0.33746767044067383,
                        0.44267845153808594,
                        -0.8307535648345947,
                        -640.6205444335938,
                        -0.5030354261398315,
                        0.8307535648345947,
                        0.23833602666854858,
                        183.7884979248047
                    ],
                    "scale": [
                        1,
                        1,
                        1
                    ],
                    "rotation": 0,
                    "weight": [
                        0,
                        0,
                        0,
                        0
                    ],
                    "weightHard": false,
                    "weightScale": [
                        1,
                        1,
                        1
                    ],
                    "mirrored": false,
                    "twinId": 10,
                    "pathable": false,
                    "flooded": false,
                    "mergeable": false,
                    "no_features": false
                },
                {
                    "proj": "BP_Bend",
                    "spec": "/pa/terrain/desert/brushes/desert_plateau_01.json",
                    "height": 771.1318359375,
                    "op": "BO_Add",
                    "position": [
                        387.9066162109375,
                        -640.6204223632812,
                        183.78860473632812
                    ],
                    "transform": [
                        0.7956575751304626,
                        0.33746767044067383,
                        0.5030354261398315,
                        387.9066162109375,
                        0.33746767044067383,
                        0.44267845153808594,
                        -0.8307535648345947,
                        -640.6205444335938,
                        0.5030354261398315,
                        -0.8307535648345947,
                        -0.23833602666854858,
                        -183.78848266601562
                    ],
                    "scale": [
                        1,
                        1,
                        1
                    ],
                    "rotation": 0,
                    "weight": [
                        0,
                        0,
                        0,
                        0
                    ],
                    "weightHard": false,
                    "weightScale": [
                        1,
                        1,
                        1
                    ],
                    "mirrored": true,
                    "twinId": 10,
                    "pathable": false,
                    "flooded": false,
                    "mergeable": false,
                    "no_features": false
                },
                {
                    "proj": "BP_Bend",
                    "spec": "/pa/terrain/desert/brushes/desert_plateau_01.json",
                    "height": 771.064208984375,
                    "op": "BO_Add",
                    "position": [
                        398.57000732421875,
                        -624.9144897460938,
                        212.51776123046875
                    ],
                    "transform": [
                        0.790536642074585,
                        0.3284158408641815,
                        0.5169090032577515,
                        398.5700378417969,
                        0.3284158408641815,
                        0.48507964611053467,
                        -0.810457170009613,
                        -624.9144897460938,
                        -0.5169090032577515,
                        0.810457170009613,
                        0.27561628818511963,
                        212.51785278320312
                    ],
                    "scale": [
                        1,
                        1,
                        1
                    ],
                    "rotation": 0,
                    "weight": [
                        0,
                        0,
                        0,
                        0
                    ],
                    "weightHard": false,
                    "weightScale": [
                        1,
                        1,
                        1
                    ],
                    "mirrored": false,
                    "twinId": 11,
                    "pathable": false,
                    "flooded": false,
                    "mergeable": false,
                    "no_features": false
                },
                {
                    "proj": "BP_Bend",
                    "spec": "/pa/terrain/desert/brushes/desert_plateau_01.json",
                    "height": 771.064208984375,
                    "op": "BO_Add",
                    "position": [
                        398.57000732421875,
                        -624.9144897460938,
                        212.51776123046875
                    ],
                    "transform": [
                        0.790536642074585,
                        0.3284158408641815,
                        0.5169090032577515,
                        398.5700378417969,
                        0.3284158408641815,
                        0.48507964611053467,
                        -0.810457170009613,
                        -624.9144897460938,
                        0.5169090032577515,
                        -0.810457170009613,
                        -0.27561628818511963,
                        -212.51785278320312
                    ],
                    "scale": [
                        1,
                        1,
                        1
                    ],
                    "rotation": 0,
                    "weight": [
                        0,
                        0,
                        0,
                        0
                    ],
                    "weightHard": false,
                    "weightScale": [
                        1,
