{
    "name": "Zyion-Alpha 8v8",
    "description": "",
    "creator": "Academia",
    "version": "",
    "planets": [
        {
            "name": "Zyion-Alpha",
            "mass": 10000,
            "position_x": 7932.7109375,
            "position_y": -13379.0498046875,
            "velocity_x": 154.2222900390625,
            "velocity_y": 91.44153594970703,
            "required_thrust_to_move": 0,
            "starting_planet": true,
            "respawn": false,
            "start_destroyed": false,
            "min_spawn_delay": 0,
            "max_spawn_delay": 0,
            "planet": {
                "seed": 1764161664,
                "radius": 900,
                "heightRange": 0,
                "waterHeight": 0,
                "waterDepth": 100,
                "temperature": 0,
                "metalDensity": 0,
                "metalClusters": 0,
                "metalSpotLimit": -1,
                "biomeScale": 50,
                "biome": "icey",
                "symmetryType": "terrain and CSG",
                "symmetricalMetal": true,
                "symmetricalStarts": false,
                "numArmies": 2,
                "landingZonesPerArmy": 0,
                "landingZoneSize": 0,
                "heightAdjustments": []
            },
            "planetCSG": [
                {
                    "spec": "/pa/terrain/ice/brushes/ice_crack_01.json",
                    "proj": "BP_Bend",
                    "op": "BO_Subtract",
                    "position": [
                        -568.9569091796875,
                        -572.07958984375,
                        394.9837646484375
                    ],
                    "height": 898.3313598632812,
                    "transform": [
                        0.7213764786720276,
                        -0.28015273809432983,
                        -0.6333485841751099,
                        -568.9569091796875,
                        -0.28015273809432983,
                        0.7183096408843994,
                        -0.6368246674537659,
                        -572.07958984375,
                        0.6333485841751099,
                        0.6368246674537659,
                        0.4396861791610718,
                        394.98388671875
                    ],
                    "scale": [
                        1,
                        1,
                        1
                    ],
                    "rotation": 0,
                    "weight": [
                        0,
                        0,
                        0,
                        0
                    ],
                    "weightHard": false,
                    "weightScale": [
                        1,
                        1,
                        1
                    ],
                    "mirrored": false,
                    "twinId": 2,
                    "flooded": false,
                    "pathable": false,
                    "mergeable": false,
                    "no_features": true
                },
                {
                    "spec": "/pa/terrain/ice/brushes/ice_crack_01.json",
                    "proj": "BP_Bend",
                    "op": "BO_Subtract",
                    "position": [
                        -568.9569091796875,
                        -572.07958984375,
                        394.9837646484375
                    ],
                    "height": 898.3313598632812,
                    "transform": [
                        0.7213764786720276,
                        -0.28015273809432983,
                        -0.6333485841751099,
                        -568.9569091796875,
                        -0.28015273809432983,
                        0.7183096408843994,
                        -0.6368246674537659,
                        -572.07958984375,
                        -0.6333485841751099,
                        -0.6368246674537659,
                        -0.4396861791610718,
                        -394.98388671875
                    ],
                    "scale": [
                        1,
                        1,
                        1
                    ],
                    "rotation": 0,
                    "weight": [
                        0,
                        0,
                        0,
                        0
                    ],
                    "weightHard": false,
                    "weightScale": [
                        1,
                        1,
                        1
                    ],
                    "mirrored": true,
                    "twinId": 2,
                    "flooded": false,
                    "pathable": false,
                    "mergeable": false,
                    "no_features": true
                },
                {
                    "spec": "/pa/terrain/ice/brushes/ice_crack_02.json",
                    "proj": "BP_Bend",
                    "op": "BO_Subtract",
                    "position": [
                        -425.9097900390625,
                        -769.285400390625,
                        -187.25601196289062
                    ],
                    "height": 899.0349731445312,
                    "transform": [
                        0.7165257930755615,
                        -0.5120158195495605,
                        -0.4737410247325897,
                        -425.9097595214844,
                        -0.5120158195495605,
                        0.07518845796585083,
                        -0.8556789755821228,
                        -769.2853393554688,
                        0.4737410247325897,
                        0.8556789755821228,
                        -0.20828568935394287,
                        -187.25611877441406
                    ],
                    "scale": [
                        1,
                        1,
                        1
                    ],
                    "rotation": 0,
                    "weight": [
                        0,
                        0,
                        0,
                        0
                    ],
                    "weightHard": false,
                    "weightScale": [
                        1,
                        1,
                        1
                    ],
                    "mirrored": false,
                    "twinId": 3,
                    "flooded": false,
                    "pathable": false,
                    "mergeable": false,
                    "no_features": true
                },
                {
                    "spec": "/pa/terrain/ice/brushes/ice_crack_02.json",
                    "proj": "BP_Bend",
                    "op": "BO_Subtract",
                    "position": [
                        -425.9097900390625,
                        -769.285400390625,
                        -187.25601196289062
                    ],
                    "height": 899.0349731445312,
                    "transform": [
                        0.7165257930755615,
                        -0.5120158195495605,
                        -0.4737410247325897,
                        -425.9097900390625,
                        -0.5120158195495605,
                        0.07518845796585083,
                        -0.8556789755821228,
                        -769.285400390625,
                        -0.4737410247325897,
                        -0.8556789755821228,
                        0.20828568935394287,
                        187.25611877441406
                    ],
                    "scale": [
                        1,
                        1,
                        1
                    ],
                    "rotation": 0,
                    "weight": [
                        0,
                        0,
                        0,
                        0
                    ],
                    "weightHard": false,
                    "weightScale": [
                        1,
                        1,
                        1
                    ],
                    "mirrored": true,
                    "twinId": 3,
                    "flooded": false,
                    "pathable": false,
                    "mergeable": false,
                    "no_features": true
                },
                {
                    "spec": "/pa/terrain/ice/brushes/ice_crack_01.json",
                    "proj": "BP_Bend",
                    "op": "BO_Subtract",
                    "position": [
                        -216.25714111328125,
                        -820.9708251953125,
                        -301.1195373535156
                    ],
                    "height": 900.7958984375,
                    "transform": [
                        0.9134239554405212,
                        -0.3286661207675934,
                        -0.24007341265678406,
                        -216.25714111328125,
                        -0.3286661207675934,
                        -0.24770593643188477,
                        -0.9113839268684387,
                        -820.9708862304688,
                        0.24007341265678406,
                        0.9113839268684387,
                        -0.33428192138671875,
                        -301.1197814941406
                    ],
                    "scale": [
                        1,
                        1,
                        1
                    ],
                    "rotation": 0,
                    "weight": [
                        0,
                        0,
                        0,
                        0
                    ],
                    "weightHard": false,
                    "weightScale": [
                        1,
                        1,
                        1
                    ],
                    "mirrored": false,
                    "twinId": 4,
                    "flooded": false,
                    "pathable": false,
                    "mergeable": false,
                    "no_features": true
                },
                {
                    "spec": "/pa/terrain/ice/brushes/ice_crack_01.json",
                    "proj": "BP_Bend",
                    "op": "BO_Subtract",
                    "position": [
                        -216.25714111328125,
                        -820.9708251953125,
                        -301.1195373535156
                    ],
                    "height": 900.7958984375,
                    "transform": [
                        0.9134239554405212,
                        -0.3286661207675934,
                        -0.24007341265678406,
                        -216.25714111328125,
                        -0.3286661207675934,
                        -0.24770593643188477,
                        -0.9113839268684387,
                        -820.9708862304688,
                        -0.24007341265678406,
                        -0.9113839268684387,
                        0.33428192138671875,
                        301.11981201171875
                    ],
                    "scale": [
                        1,
                        1,
                        1
                    ],
                    "rotation": 0,
                    "weight": [
                        0,
                        0,
                        0,
                        0
                    ],
                    "weightHard": false,
                    "weightScale": [
                        1,
                        1,
                        1
                    ],
                    "mirrored": true,
                    "twinId": 4,
                    "flooded": false,
                    "pathable": false,
                    "mergeable": false,
                    "no_features": true
                },
                {
                    "spec": "/pa/terrain/ice/brushes/ice_crack_01.json",
                    "proj": "BP_Bend",
                    "op": "BO_Subtract",
                    "position": [
                        346.2822265625,
                        -789.62060546875,
                        -239.74310302734375
                    ],
                    "height": 894.9238891601562,
                    "transform": [
                        0.13831323385238647,
                        0.9116724729537964,
                        0.3869404196739197,
                        346.2822265625,
                        0.34277260303497314,
                        0.3224843740463257,
                        -0.8823326826095581,
                        -789.62060546875,
                        -0.9291806221008301,
                        0.2546708583831787,
                        -0.2678924798965454,
                        -239.74337768554688
                    ],
                    "scale": [
                        1,
                        1,
                        1
                    ],
                    "rotation": -0.8899994492530823,
                    "weight": [
                        0,
                        0,
                        0,
                        0
                    ],
                    "weightHard": false,
                    "weightScale": [
                        1,
                        1,
                        1
                    ],
                    "mirrored": false,
                    "twinId": 5,
                    "flooded": false,
                    "pathable": false,
                    "mergeable": false,
                    "no_features": true
                },
                {
                    "spec": "/pa/terrain/ice/brushes/ice_crack_01.json",
                    "proj": "BP_Bend",
                    "op": "BO_Subtract",
                    "position": [
                        346.2822265625,
                        -789.62060546875,
                        -239.74310302734375
                    ],
                    "height": 894.9238891601562,
                    "transform": [
                        0.13831323385238647,
                        0.9116724729537964,
                        0.3869404196739197,
                        346.2822265625,
                        0.34277260303497314,
                        0.3224843740463257,
                        -0.8823326826095581,
                        -789.62060546875,
                        0.9291806221008301,
                        -0.2546708583831787,
                        0.2678924798965454,
                        239.7433624267578
                    ],
                    "scale": [
                        1,
                        1,
                        1
                    ],
                    "rotation": -0.8899994492530823,
                    "weight": [
                        0,
                        0,
                        0,
                        0
                    ],
                    "weightHard": false,
                    "weightScale": [
                        1,
                        1,
                        1
                    ],
                    "mirrored": true,
                    "twinId": 5,
                    "flooded": false,
                    "pathable": false,
                    "mergeable": false,
                    "no_features": true
                },
                {
                    "spec": "/pa/terrain/ice/brushes/ice_crack_01.json",
                    "proj": "BP_Bend",
                    "op": "BO_Subtract",
                    "position": [
                        526.086181640625,
                        -282.5924072265625,
                        -673.3466796875
                    ],
                    "height": 900.0115966796875,
                    "transform": [
                        -0.35669219493865967,
                        0.7287607192993164,
                        0.584532618522644,
                        526.0861206054688,
                        0.7287607192993164,
                        0.6085389256477356,
                        -0.31398749351501465,
                        -282.5923767089844,
                        -0.584532618522644,
                        0.31398749351501465,
                        -0.7481532096862793,
                        -673.3465576171875
                    ],
                    "scale": [
                        1,
                        1,
                        1
                    ],
                    "rotation": 0,
                    "weight": [
                        0,
                        0,
                        0,
                        0
                    ],
                    "weightHard": false,
                    "weightScale": [
                        1,
                        1,
                        1
                    ],
                    "mirrored": false,
                    "twinId": 6,
                    "flooded": false,
                    "pathable": false,
                    "mergeable": false,
                    "no_features": true
                },
                {
                    "spec": "/pa/terrain/ice/brushes/ice_crack_01.json",
                    "proj": "BP_Bend",
                    "op": "BO_Subtract",
                    "position": [
                        526.086181640625,
                        -282.5924072265625,
                        -673.3466796875
                    ],
                    "height": 900.0115966796875,
                    "transform": [
                        -0.35669219493865967,
                        0.7287607192993164,
                        0.584532618522644,
                        526.0861206054688,
                        0.7287607192993164,
                        0.6085389256477356,
                        -0.31398749351501465,
                        -282.5923767089844,
                        0.584532618522644,
                        -0.31398749351501465,
                        0.7481532096862793,
                        673.3465576171875
                    ],
                    "scale": [
                        1,
                        1,
                        1
                    ],
                    "rotation": 0,
                    "weight": [
                        0,
                        0,
                        0,
                        0
                    ],
                    "weightHard": false,
                    "weightScale": [
                        1,
                        1,
                        1
                    ],
                    "mirrored": true,
                    "twinId": 6,
                    "flooded": false,
                    "pathable": false,
                    "mergeable": false,
                    "no_features": true
                },
                {
                    "spec": "/pa/terrain/ice/brushes/ice_crack_02.json",
                    "proj": "BP_Bend",
                    "op": "BO_Subtract",
                    "position": [
                        703.8021240234375,
                        -293.82861328125,
                        -479.1068115234375
                    ],
                    "height": 900.67529296875,
                    "transform": [
                        -0.3045618534088135,
                        0.5446383357048035,
                        0.7814158797264099,
                        703.802001953125,
                        0.5446383357048035,
                        0.7726202607154846,
                        -0.3262314200401306,
                        -293.8285827636719,
                        -0.7814158797264099,
                        0.3262314200401306,
                        -0.5319415330886841,
                        -479.1065979003906
                    ],
                    "scale": [
                        1,
                        1,
                        1
                    ],
                    "rotation": 0,
                    "weight": [
                        0,
                        0,
                        0,
                        0
                    ],
                    "weightHard": false,
                    "weightScale": [
                        1,
                        1,
                        1
                    ],
                    "mirrored": false,
                    "twinId": 7,
                    "flooded": false,
                    "pathable": false,
                    "mergeable": false,
                    "no_features": true
                },
                {
                    "spec": "/pa/terrain/ice/brushes/ice_crack_02.json",
                    "proj": "BP_Bend",
                    "op": "BO_Subtract",
                    "position": [
                        703.8021240234375,
                        -293.82861328125,
                        -479.1068115234375
                    ],
                    "height": 900.67529296875,
                    "transform": [
                        -0.3045618534088135,
                        0.5446383357048035,
                        0.7814158797264099,
                        703.8020629882812,
                        0.5446383357048035,
                        0.7726202607154846,
                        -0.3262314200401306,
                        -293.82861328125,
                        0.7814158797264099,
                        -0.3262314200401306,
                        0.5319415330886841,
                        479.1065979003906
                    ],
                    "scale": [
                        1,
                        1,
                        1
                    ],
                    "rotation": 0,
                    "weight": [
                        0,
                        0,
                        0,
                        0
                    ],
                    "weightHard": false,
                    "weightScale": [
                        1,
                        1,
                        1
                    ],
                    "mirrored": true,
                    "twinId": 7,
                    "flooded": false,
                    "pathable": false,
                    "mergeable": false,
                    "no_features": true
                },
                {
                    "spec": "/pa/terrain/ice/brushes/ice_crack_01.json",
                    "proj": "BP_Bend",
                    "op": "BO_Subtract",
                    "position": [
                        -70.67547607421875,
                        71.83356475830078,
                        898.390380859375
                    ],
                    "height": 904.0245361328125,
                    "transform": [
                        0.9969344735145569,
                        0.0031157389748841524,
                        -0.07817869633436203,
                        -70.67546081542969,
                        0.0031157389748841524,
                        0.9968332052230835,
                        0.07945973426103592,
                        71.83354949951172,
                        0.07817869633436203,
                        -0.07945973426103592,
                        0.9937676787376404,
                        898.390380859375
                    ],
                    "scale": [
                        1,
                        1,
                        1
                    ],
                    "rotation": 0,
                    "weight": [
                        0,
                        0,
                        0,
                        0
                    ],
                    "weightHard": false,
                    "weightScale": [
                        1,
                        1,
                        1
                    ],
                    "mirrored": false,
                    "twinId": 8,
                    "flooded": false,
                    "pathable": false,
                    "mergeable": false,
                    "no_features": true
                },
                {
                    "spec": "/pa/terrain/ice/brushes/ice_crack_01.json",
                    "proj": "BP_Bend",
                    "op": "BO_Subtract",
                    "position": [
                        -70.67547607421875,
                        71.83356475830078,
                        898.390380859375
                    ],
                    "height": 904.0245361328125,
                    "transform": [
                        0.9969344735145569,
                        0.0031157389748841524,
                        -0.07817869633436203,
                        -70.67546081542969,
                        0.0031157389748841524,
                        0.9968332052230835,
                        0.07945973426103592,
                        71.83354949951172,
                        -0.07817869633436203,
                        0.07945973426103592,
                        -0.9937676787376404,
                        -898.390380859375
                    ],
                    "scale": [
                        1,
                        1,
                        1
                    ],
                    "rotation": 0,
                    "weight": [
                        0,
                        0,
                        0,
                        0
                    ],
                    "weightHard": false,
                    "weightScale": [
                        1,
                        1,
                        1
                    ],
                    "mirrored": true,
                    "twinId": 8,
                    "flooded": false,
                    "pathable": false,
                    "mergeable": false,
                    "no_features": true
                },
                {
                    "spec": "/pa/terrain/ice/brushes/ice_crack_01.json",
                    "proj": "BP_Bend",
                    "op": "BO_Subtract",
                    "position": [
                        -536.046630859375,
                        384.7178955078125,
                        612.8743896484375
                    ],
                    "height": 900.5380859375,
                    "transform": [
                        0.7891635298728943,
                        0.15131625533103943,
                        -0.5952515006065369,
                        -536.046630859375,
                        0.15131625533103943,
                        0.8914011120796204,
                        0.42720893025398254,
                        384.7179260253906,
                        0.5952515006065369,
                        -0.42720893025398254,
                        0.6805646419525146,
                        612.8743896484375
                    ],
                    "scale": [
                        1,
                        1,
                        1
                    ],
                    "rotation": 0,
                    "weight": [
                        0,
                        0,
                        0,
                        0
                    ],
                    "weightHard": false,
                    "weightScale": [
                        1,
                        1,
                        1
                    ],
                    "mirrored": false,
                    "twinId": 9,
                    "flooded": false,
                    "pathable": false,
                    "mergeable": false,
                    "no_features": true
                },
                {
                    "spec": "/pa/terrain/ice/brushes/ice_crack_01.json",
                    "proj": "BP_Bend",
                    "op": "BO_Subtract",
                    "position": [
                        -536.046630859375,
                        384.7178955078125,
                        612.8743896484375
                    ],
                    "height": 900.5380859375,
                    "transform": [
                        0.7891635298728943,
                        0.15131625533103943,
                        -0.5952515006065369,
                        -536.046630859375,
                        0.15131625533103943,
                        0.8914011120796204,
                        0.42720893025398254,
                        384.7179260253906,
                        -0.5952515006065369,
                        0.42720893025398254,
                        -0.6805646419525146,
                        -612.8743896484375
                    ],
                    "scale": [
                        1,
                        1,
                        1
                    ],
                    "rotation": 0,
                    "weight": [
                        0,
                        0,
                        0,
                        0
                    ],
                    "weightHard": false,
                    "weightScale": [
                        1,
                        1,
                        1
                    ],
                    "mirrored": true,
                    "twinId": 9,
                    "flooded": false,
                    "pathable": false,
                    "mergeable": false,
                    "no_features": true
                },
                {
                    "spec": "/pa/terrain/ice/brushes/ice_crack_01.json",
                    "proj": "BP_Bend",
                    "op": "BO_Subtract",
                    "position": [
                        559.602294921875,
                        527.4896240234375,
                        469.6842956542969
                    ],
                    "height": 901.1123046875,
                    "transform": [
                        0.7464830875396729,
                        -0.23896893858909607,
                        0.621012806892395,
                        559.602294921875,
                        -0.23896893858909607,
                        0.7747442722320557,
                        0.5853760838508606,
                        527.4895629882812,
                        -0.621012806892395,
                        -0.5853760838508606,
                        0.5212273001670837,
                        469.684326171875
                    ],
                    "scale": [
                        1,
                        1,
                        1
                    ],
                    "rotation": 0,
                    "weight": [
                        0,
                        0,
                        0,
                        0
                    ],
                    "weightHard": false,
                    "weightScale": [
                        1,
                        1,
                        1
                    ],
                    "mirrored": false,
                    "twinId": 10,
                    "flooded": false,
                    "pathable": false,
                    "mergeable": false,
                    "no_features": true
                },
                {
                    "spec": "/pa/terrain/ice/brushes/ice_crack_01.json",
                    "proj": "BP_Bend",
                    "op": "BO_Subtract",
                    "position": [
                        559.602294921875,
                        527.4896240234375,
                        469.6842956542969
                    ],
                    "height": 901.1123046875,
                    "transform": [
                        0.7464830875396729,
                        -0.23896893858909607,
                        0.621012806892395,
                        559.602294921875,
                        -0.23896893858909607,
                        0.7747442722320557,
                        0.5853760838508606,
                        527.4895629882812,
                        0.621012806892395,
                        0.5853760838508606,
                        -0.5212273001670837,
                        -469.68426513671875
                    ],
                    "scale": [
                        1,
                        1,
                        1
                    ],
                    "rotation": 0,
                    "weight": [
                        0,
                        0,
                        0,
                        0
                    ],
                    "weightHard": false,
                    "weightScale": [
                        1,
                        1,
                        1
                    ],
                    "mirrored": true,
                    "twinId": 10,
                    "flooded": false,
                    "pathable": false,
                    "mergeable": false,
                    "no_features": true
                },
                {
                    "spec": "/pa/terrain/ice/brushes/ice_crack_02.json",
                    "proj": "BP_Bend",
                    "op": "BO_Subtract",
                    "position": [
                        371.236328125,
                        769.327392578125,
                        287.78759765625
                    ],
                    "height": 901.3892822265625,
                    "transform": [
                        0.8714292645454407,
                        -0.26644209027290344,
                        0.4118490517139435,
                        371.236328125,
                        -0.26644209027290344,
                        0.44784170389175415,
                        0.8534907698631287,
                        769.3274536132812,
                        -0.4118490517139435,
                        -0.8534907698631287,
                        0.3192709684371948,
                        287.78741455078125
                    ],
                    "scale": [
                        1,
                        1,
                        1
                    ],
                    "rotation": 0,
                    "weight": [
                        0,
                        0,
                        0,
                        0
                    ],
                    "weightHard": false,
                    "weightScale": [
                        1,
                        1,
                        1
                    ],
                    "mirrored": false,
                    "twinId": 11,
                    "flooded": false,
                    "pathable": false,
                    "mergeable": false,
                    "no_features": true
                },
                {
                    "spec": "/pa/terrain/ice/brushes/ice_crack_02.json",
                    "proj": "BP_Bend",
                    "op": "BO_Subtract",
                    "position": [
                        371.236328125,
                        769.327392578125,
                        287.78759765625
                    ],
                    "height": 901.3892822265625,
                    "transform": [
                        0.8714292645454407,
                        -0.26644209027290344,
                        0.4118490517139435,
                        371.2363586425781,
                        -0.26644209027290344,
                        0.44784170389175415,
                        0.8534907698631287,
                        769.3275146484375,
                        0.4118490517139435,
                        0.8534907698631287,
                        -0.3192709684371948,
                        -287.78741455078125
                    ],
                    "scale": [
                        1,
                        1,
                        1
                    ],
                    "rotation": 0,
                    "weight": [
                        0,
                        0,
                        0,
                        0
                    ],
                    "weightHard": false,
                    "weightScale": [
                        1,
                        1,
                        1
                    ],
                    "mirrored": true,
                    "twinId": 11,
                    "flooded": false,
                    "pathable": false,
                    "mergeable": false,
                    "no_features": true
                },
                {
                    "spec": "/pa/terrain/ice/brushes/ice_crack_02.json",
                    "proj": "BP_Bend",
                    "op": "BO_Subtract",
                    "position": [
                        211.16583251953125,
                        824.933349609375,
                        295.04583740234375
                    ],
                    "height": 901.1981811523438,
                    "transform": [
                        0.9586374759674072,
                        -0.16158552467823029,
                        0.23431678116321564,
                        211.16586303710938,
                        -0.16158552467823029,
                        0.3687554597854614,
                        0.9153739809989929,
                        824.933349609375,
                        -0.23431678116321564,
                        -0.9153739809989929,
                        0.32739293575286865,
                        295.0459289550781
                    ],
                    "scale": [
                        1,
                        1,
                        1
                    ],
                    "rotation": 0,
                    "weight": [
                        0,
                        0,
                        0,
                        0
                    ],
                    "weightHard": false,
                    "weightScale": [
                        1,
                        1,
                        1
                    ],
                    "mirrored": false,
                    "twinId": 12,
                    "flooded": false,
                    "pathable": false,
                    "mergeable": false,
                    "no_features": true
                },
                {
                    "spec": "/pa/terrain/ice/brushes/ice_crack_02.json",
                    "proj": "BP_Bend",
                    "op": "BO_Subtract",
                    "position": [
                        211.16583251953125,
                        824.933349609375,
                        295.04583740234375
                    ],
                    "height": 901.1981811523438,
                    "transform": [
                        0.9586374759674072,
                        -0.16158552467823029,
                        0.23431678116321564,
                        211.16586303710938,
                        -0.16158552467823029,
                        0.3687554597854614,
                        0.9153739809989929,
                        824.9332885742188,
                        0.23431678116321564,
                        0.9153739809989929,
                        -0.32739293575286865,
                        -295.0459289550781
                    ],
                    "scale": [
                        1,
                        1,
                        1
                    ],
                    "rotation": 0,
                    "weight": [
                        0,
                        0,
                        0,
                        0
                    ],
                    "weightHard": false,
                    "weightScale": [
                        1,
                        1,
                        1
                    ],
                    "mirrored": true,
                    "twinId": 12,
                    "flooded": false,
                    "pathable": false,
                    "mergeable": false,
                    "no_features": true
                },
                {
